1743736484 33.00 3 9
1743736698 33.00 3 9
1743736819 33.00 3 9
1743737193 100.00 9 9
1743740072 100.00 9 9
1743740377 100.00 9 9
1743751901 100.00 18 18
1743781637 100.00 118 118
1743838191 95.00 355 371
1743924613 81.00 1335 1639
1744011252 83.00 1713 2042
1744097582 81.00 2401 2929
1744218383 84.00 2068 2459
1744270445 85.00 2225 2604
1744356752 87.00 2862 3267
1744443030 87.00 2911 3320
1744529479 88.00 3367 3814
1744616031 89.00 3733 4191
1744702586 83.00 4446 5307
1744788811 83.00 4530 5393
1744875268 86.00 4894 5627
1744961657 86.00 5310 6163
1745047808 78.00 221 283
1745134288 88.00 2946 3319
1745220791 90.00 3567 3963
1745369603 87.00 5370 6122
1745370976 88.00 5476 6217
1745375395 88.00 5538 6277
