1659895655 100.00
1659896021 100.00
1659908181 100.00
1659924896 100.00
1659930830 97.67
1659934936 100.00
1659952978 100.00
1660068293 96.27
1660075213 96.27
1660081479 96.27
1660087378 96.27
1660092396 96.37
1660101116 99.10
1660105826 100.00
1660202308 100.00
1660451700 96.34
1660458063 98.19
1660497959 100.00
1660523072 100.00
1660542113 100.00
1660690458 98.86
1662071874 99.96
1662083805 100.00
1662161073 100.00
1662174084 100.00
1662177892 100.00
1662183426 100.00
1662189933 100.00
1662196791 100.00
1662203167 100.00
1662235582 100.00
1662244583 100.00
1662249749 100.00
1662250443 100.00
1662254044 100.00
1662259808 100.00
1662263463 100.00
1662336804 100.00
1662423225 100.00
1662509620 100.00
1662596019 100.00
1662682687 100.00
1662768750 100.00
1662855249 100.00
1662941539 100.00
1663028307 100.00
1663114350 100.00
1663200791 100.00
1663287400 100.00
1663373540 100.00
1663459999 100.00
1663546453 100.00
1663632745 100.00
1663719256 100.00
1663805924 100.00
1663891972 100.00
1663978420 100.00
1664064766 99.98
1664151177 99.98
1664156166 100.00
1664205407 99.99
1664215933 98.58
1664216048 98.58
1664237750 98.58
1664324134 98.58
1664410561 98.58
1664415353 97.84
1664416113 97.84
1664420206 97.84
1664420612 97.84
1664517043 97.28
1664521391 97.20
1664554942 97.20
1664555040 97.20
1664555187 97.20
1664583381 97.20
1664669936 97.20
1664756240 97.20
1664842740 97.20
1664929380 97.20
1665015432 97.20
1665102137 97.20
1665188309 97.20
1665274711 97.20
1665361192 92.20
1665447433 92.20
1665533887 92.20
1665620580 92.20
1665706637 92.20
1665793114 92.20
1665879741 92.20
1665954997 91.78
1665959945 91.78
1665960123 91.78
1665960825 91.78
1665965973 91.78
1665971172 91.78
1665978732 91.78
1665979626 91.78
1665983495 91.78
1665988206 91.78
1666015891 91.78
1666021419 91.78
1666021564 91.78
1666021648 91.78
1666022830 91.78
1666033293 91.78
1666033570 91.78
1666034383 91.78
1666038451 91.78
1666042101 91.78
1666042127 91.78
1666052403 91.78
1666053228 91.78
1666053234 91.78
1666053337 91.78
1666140152 91.78
1666225121 91.78
1666311564 91.78
1666398299 91.78
1666484466 91.78
1666567155 91.78
1666657164 91.78
1666727160 91.78
1666743534 91.78
1666829953 91.78
1666916803 91.78
1667003049 91.78
1667089175 91.78
1667175635 91.78
1667261666 91.78
1667265272 91.78
1667348664 91.78
1667434783 91.78
1667521170 91.78
1667607547 91.78
1667959827 91.78
1668039706 91.78
1668126057 91.78
1668212484 91.72
1668298853 91.78
1668385157 91.78
1668471584 91.78
1668558351 91.78
1668644409 91.78
1668730846 91.78
1668817192 91.78
1668903698 91.78
1668989998 91.78
1669076346 91.78
1669162830 91.71
1669249253 91.78
1669335641 91.71
1669421975 91.71
1669508347 91.71
1669594800 91.71
1669681150 91.71
1669767566 91.71
1669853936 91.71
1669940325 91.71
1670026741 91.71
1670113121 91.71
1670199702 91.71
1670286015 91.71
1670372464 91.71
1670458875 91.71
1670545258 91.71
1670631655 91.71
1670717929 91.71
1670804440 91.71
1670890740 91.71
1670977335 91.71
1671063603 91.71
1671149977 91.71
1671236481 91.71
1671322796 91.71
1671409290 91.71
1671495507 91.71
1671582023 91.71
1671668372 91.71
1671754797 91.71
1671841247 91.71
1671927497 91.71
1672013977 91.71
1672100411 91.71
1672186673 91.71
1672273202 91.71
1672359543 91.71
1672445938 91.71
1672532275 91.71
1672618684 91.71
1672705164 91.71
1672791668 91.71
1672878009 91.71
1672964478 91.71
1673050810 91.71
1673137156 91.71
1673223521 91.71
1673309884 91.71
1673396376 91.71
1673482713 91.71
1673569219 91.71
1673655521 91.71
1673741915 91.71
1673828402 91.71
1673914761 91.71
1674001177 91.71
1674087603 91.71
1674174040 91.71
1674260296 91.71
1674346759 91.71
1674433142 91.71
1674519538 91.71
1674606025 91.71
1674692313 91.71
1674778763 91.71
1674865075 91.71
1674951540 91.71
1675038038 91.71
1675124381 91.71
1675210828 91.71
1675297153 91.72
1675383485 91.72
1675469996 91.72
1675556392 91.72
1675642740 91.72
1676236494 91.72
1676236977 91.72
1676247631 91.72
1676334005 91.72
1676381441 91.50
1676420422 91.50
1676506697 91.50
1676593107 91.50
1676679507 91.50
1676765936 91.50
1676785266 91.50
1676834376 91.50
1676852436 91.50
1676938738 91.50
1677025159 91.50
1677111550 91.50
1677197973 91.50
1677284323 91.50
1677370933 91.50
1677457248 91.50
1677543661 91.50
1677630008 91.50
1677716477 91.50
1677806429 91.50
1677889141 91.50
1677975699 91.50
1678061932 91.50
1678148421 91.50
1678234843 91.50
1678321240 91.50
1678407545 91.50
1678494104 91.50
1678580510 91.50
1678666741 91.50
1678753156 91.50
1678839546 91.50
1678925972 91.26
1679012330 91.32
1679098905 91.32
1679185283 91.32
1679271702 91.32
1679358227 91.32
1679444338 91.32
1679530892 91.32
1679617241 91.32
1679703582 91.32
1679790069 91.32
1679876531 91.32
1679962764 91.32
1680049300 91.32
1680135676 91.32
1680222168 91.32
1680308556 91.32
1680394833 91.32
1680481212 91.32
1680567594 91.32
1680653908 91.32
1680740479 91.32
1680826747 91.32
1680913094 91.32
1680999567 91.32
1681172470 91.32
1681258755 91.32
1681345181 91.32
1681431535 91.32
1681517909 91.32
1681604364 91.32
1681690821 91.32
1681777245 91.32
1681863641 91.32
1681949996 91.32
1682036428 91.32
1682122811 91.32
1682209220 91.32
1682295706 91.32
1682382025 91.32
1682468488 91.32
1682554789 91.15
1682641144 91.15
1682727616 91.15
1682814052 91.15
1682900502 91.15
1682986768 91.15
1683073116 91.15
1683159569 91.15
1683246019 91.15
1683332350 91.15
1683418728 91.15
1683505209 91.15
1683591704 91.15
1683678043 91.15
1683764340 91.15
1683850742 91.15
1683937107 91.15
1696803193 89.34
1696803284 89.34
1696807029 89.34
1696807206 89.34
1696807317 89.34
1696811512 89.34
1696815520 89.34
1696819160 89.34
1696824896 89.34
1696826274 89.34
1696831900 89.34
1696866477 96.16
1696870153 96.16
1696883212 96.16
1696897210 96.16
1696979751 95.73
1696983678 95.73
1697041310 95.42
1697045198 95.42
1697058364 94.34
1697058688 94.34
1697062945 94.17
1697063103 94.17
1697067302 94.02
1697143044 92.94
1697143168 92.94
1697146891 92.94
1697152444 92.70
1697156470 92.70
1697157636 92.50
1697164418 92.50
1697242854 92.50
1697329097 92.50
1697350228 92.23
1697415711 92.23
1697417299 91.77
1697428764 92.00
1697490040 92.41
1697502118 92.41
1697521378 92.29
1697565067 92.05
1697575710 92.01
1697588474 92.21
1697602598 92.25
1697604190 91.85
1697674801 91.85
1697761215 92.10
1697912052 92.00
1697912556 91.84
1697916820 91.50
1697917368 91.75
1697918233 91.71
1697934025 91.71
1697950821 91.12
1698020554 90.88
1698027692 90.63
1698029026 90.87
1698099598 90.02
1698121756 89.69
1698178111 89.55
1698184785 89.30
1698185476 89.10
1698189724 88.78
1698190463 88.78
1698194173 88.84
1698199505 88.64
1698206422 88.81
1698207321 88.81
1698279555 88.81
1698360387 82.89
1698366113 82.89
1698375176 82.70
1698384437 82.51
1698452457 82.51
1698507491 82.61
1698522193 82.26
1698523746 82.22
1698538887 82.22
1698625410 81.80
1698711561 81.91
1698798091 81.91
1698884532 81.91
1698970897 81.91
1699057240 81.91
1699143522 81.91
1699230101 81.91
1699316492 81.91
1699402946 81.91
1699489232 81.91
1699661979 81.91
1699748551 81.91
1699834754 81.91
1699921253 81.91
1700007702 81.91
1700180429 81.91
1700266750 81.91
1700353152 81.91
1700439683 81.91
1700525956 81.91
1700612321 81.91
1700698908 81.91
1700785342 81.91
1700871694 81.91
1700878232 81.91
1700882714 81.91
1700958138 81.91
1700958536 81.91
1701044356 81.91
1701130829 81.91
1701217251 81.91
1701303624 81.91
1701389994 81.91
1701476319 81.91
1701562725 81.91
1701649134 81.91
1701735564 81.91
1701822208 81.87
1701908343 81.91
1701994874 81.91
1702081206 81.91
1702167691 81.91
1702254080 81.91
1702340559 81.91
1702426833 81.91
1702513182 81.91
1702599625 81.91
1702686083 81.91
1702772478 81.91
1702858770 81.91
1702945128 81.91
1703031682 81.91
1703118176 81.91
1703204423 81.91
1703290835 81.91
1703377369 81.91
1703463726 81.91
1703549996 81.91
1703636488 81.91
1703722789 81.91
1703805841 81.83
1703828001 81.88
1703895648 81.88
1703896926 81.88
1703909439 81.88
1703909473 81.88
1703909496 81.88
1703910155 81.88
1703910034 81.88
1703910717 81.88
1703911330 81.88
1703911800 81.88
1703911960 81.83
1703912639 81.88
1703912726 81.88
1703913021 81.88
1703913875 81.88
1703913901 81.88
1703914596 81.88
1703914749 81.88
1703915647 81.88
1703915693 81.88
1703915470 81.88
1703916295 81.88
1703916695 81.88
1703917023 81.88
1703917339 81.88
1703917960 81.88
1703918733 81.88
1703918632 81.88
1703919002 81.88
1703919137 81.88
1703982061 81.88
1704068366 81.88
1704154750 81.88
1704241271 81.88
1704327609 81.88
1704414014 81.88
1704500313 81.88
1704586710 81.88
1704673286 81.88
1704759553 81.88
1704845935 81.88
1704932374 81.88
1705018845 81.88
1705105279 81.88
1705191623 81.88
1705277932 81.88
1705364415 81.88
1705450910 81.88
1705537226 81.88
1705623562 81.88
1705710092 81.88
1705796445 81.88
1705882719 81.88
1705969142 81.88
1706055769 81.88
1706141993 81.88
1706228356 81.88
1706246593 81.88
1706246812 81.88
1706314815 81.88
1706401363 81.88
1706487730 81.88
1706573966 81.88
1706660353 81.88
1706727347 81.88
1706746882 81.88
1706751419 80.69
1706811907 80.50
1706833321 80.50
1706892738 80.48
1706892972 80.48
1706896598 80.48
1706919563 80.48
1707002909 80.48
1707006983 80.48
1707022951 80.48
1707086872 80.48
1707092391 80.48
1707178853 80.48
1707198024 80.04
1707202165 80.04
1707203554 80.04
1707238458 80.04
1707239943 80.04
1707261818 79.91
1707266783 79.91
1707272623 79.91
1707276799 79.91
1707277522 79.91
1707347194 79.91
1707351568 79.91
1707355800 79.91
1707356256 79.91
1707359863 79.91
1707363557 79.91
1707363847 79.91
1707368029 79.91
1707418221 79.90
1707418606 79.90
1707418662 79.90
1707418562 79.90
1707430669 79.90
1707435513 80.04
1707435565 80.04
1707446854 80.04
1707452591 80.05
1707524547 80.05
1707529217 80.32
1707530795 80.06
1707534863 80.36
1707535357 80.36
1707535274 80.36
1707539224 80.46
1707546740 80.49
1707548428 80.49
1707570678 80.49
1707572020 80.49
1707583110 80.49
1707583932 80.45
1707584950 81.11
1707593855 81.29
1707599780 81.68
1707600085 81.87
1707604609 82.75
1707611154 82.75
1707615533 82.78
1707642386 83.67
1707642443 83.67
1707680211 83.67
1707680733 83.67
1707680791 83.67
1707685677 83.67
1707691658 83.67
1707696507 83.67
1707697460 83.67
1707698103 83.67
1707714178 83.67
1707764166 83.67
1707763933 83.67
1707764208 83.67
1707771067 83.67
1707783247 83.67
1707783438 83.67
1707783936 83.67
1707789709 83.67
1707947632 82.92
1707951245 82.63
1708045166 83.54
1708048894 83.44
1708109459 83.91
1708126873 84.11
1708134740 84.11
1708191501 85.14
1708191600 85.14
1708215265 84.94
1708219185 84.94
1708224662 84.94
1708225481 84.94
1708231822 84.77
1708287185 84.64
1708287794 84.64
1708288061 84.64
1708288389 84.64
1708288936 84.64
1708289819 84.64
1708314425 84.63
1708314351 84.63
1708434262 84.61
1708434858 84.61
1708464736 84.71
1708478117 84.92
1708496392 84.65
1708567934 84.52
1708659415 84.67
1708661451 84.75
1708666912 84.70
1708747119 85.85
1708849159 86.05
1708853900 86.06
1708901235 86.29
1708954505 86.15
1708981464 86.20
1708981388 86.31
1708985914 86.24
1708996454 86.24
1709078380 85.95
1709080536 85.96
1709087245 85.93
1709098095 86.03
1709099157 86.04
1709108441 86.04
1709143079 85.94
1709153823 85.94
1709166767 86.21
1709167056 86.74
1709177125 86.81
1709188472 86.90
1709197765 86.90
1709199257 86.56
1709203625 86.50
1709203669 86.50
1709226407 86.60
1709226753 86.60
1709231331 86.90
1709232209 86.90
1709236861 87.00
1709238455 87.00
1709238665 86.90
1709243138 86.90
1709244467 86.90
1709258681 87.16
1709258700 87.16
1709263528 87.26
1709267168 87.16
1709267981 87.16
1709268389 87.26
1709268289 87.16
1709269406 87.16
1709269734 87.16
1709280975 87.16
1709339458 87.16
1709362558 86.76
1709367601 87.17
1709372415 87.27
1709403177 87.17
1709403256 87.17
1709403886 87.17
1709403933 87.17
1709405370 87.17
1709405532 87.17
1709405760 87.17
1709406884 87.17
1709413601 86.76
1709413902 86.76
1709413926 86.76
1709413948 87.17
1709414666 86.76
1709415903 86.76
1709416092 87.17
1709416594 86.76
1709416842 86.76
1709417043 86.76
1709417389 86.76
1709427436 86.76
1709427514 86.76
1709427598 86.76
1709427714 86.76
1709429374 86.76
1709429320 86.76
1709429961 86.86
1709430126 87.18
1709430884 86.76
1709430999 86.76
1709434829 87.18
1709434904 86.76
1709435026 86.86
1709435540 86.76
1709435817 86.76
1709436746 86.76
1709437006 87.18
1709437867 86.76
1709438086 86.76
1709438428 86.76
1709819162 20.54
1709825449 20.52
1709840026 86.90
1709841523 86.88
1709845836 86.83
1709863289 87.35
1709868790 86.93
1709876138 87.36
1709885904 87.09
1709921232 86.84
1709931921 86.97
1709940609 86.97
1709942091 87.09
1709956207 86.83
1709972458 86.44
1710031554 85.94
1710032304 85.88
1710032657 85.88
1710058525 85.88
1710109160 84.99
1710145078 85.09
1710201184 88.10
1710207573 88.08
1710231563 88.53
1710276792 88.30
1710278933 87.90
1710285710 89.03
1710291524 88.75
1710299209 88.37
1710311902 88.69
1710312918 88.32
1710317948 88.32
1710344471 88.32
1710363281 88.41
1710371313 88.44
1710372588 88.32
1710376526 88.32
1710377842 88.36
1710378123 88.32
1710378109 88.41
1710378778 88.50
1710379481 88.41
1710380600 88.32
1710381141 88.34
1710381127 88.69
1710387445 88.64
1710393745 88.68
1710394567 88.27
1710394967 88.27
1710399294 88.43
1710404276 88.44
1710426610 88.43
1710431051 88.88
1710432108 88.51
1710433145 88.43
1710448261 88.51
1710474391 88.46
1710474957 88.46
1710475610 88.82
1710480921 88.87
1710490644 88.50
1710513017 88.68
1710513250 88.77
1710528630 88.93
1710537064 88.72
1710577317 88.72
1710615075 86.08
1710629532 87.33
1710633354 87.21
1710645527 88.31
1710645803 88.31
1710646519 88.36
1710650175 88.89
1710654995 88.83
1710663251 88.84
1710691312 88.84
1710691914 89.00
1710699353 88.97
1710699369 88.91
1710703289 89.25
1710703434 88.92
1710712324 88.92
1710729472 89.01
1710735076 89.01
1710739563 88.92
1710749713 88.92
1710771862 88.89
1710771987 88.89
1710778237 89.16
1710778324 88.77
1710782949 88.77
1710783261 88.77
1710836086 88.80
1710922549 89.16
1710953497 77.44
1710959464 78.06
1710966158 80.81
1710975033 85.02
1710975389 84.84
1710979790 85.25
1710987271 88.34
1710995669 88.34
1710996181 88.67
1710999815 88.84
1711000150 88.50
1711032734 88.79
1711047432 88.91
1711053838 88.84
1711055060 89.30
1711065350 90.35
1711069187 90.36
1711070534 90.31
1711075480 90.31
1711081642 90.31
1711087290 90.31
1711088491 90.31
1711095167 90.31
1711115651 90.31
1711119416 90.28
1711141731 90.28
1711147425 90.35
1711158202 90.28
1711162286 90.60
1711171790 90.32
1711181668 90.29
1711206629 90.29
1711213855 90.64
1711235878 90.16
1711240898 90.17
1711268005 90.17
1711304758 90.17
1711304963 90.17
1711354480 90.51
1711440860 90.51
1711487042 86.64
1711487904 86.94
1711493190 86.74
1711498132 86.67
1711524009 87.72
1711559407 87.72
1711565016 88.00
1711570871 87.75
1711574539 87.70
1711574969 87.73
1711583978 87.74
1711594009 87.76
1711594237 87.76
1711613732 87.76
1711660742 87.84
1711664666 87.79
1711674978 88.40
1711682102 88.17
1711689812 88.17
1711689844 88.17
1711694244 88.19
1711694335 88.17
1711730151 88.46
1711730224 88.17
1711735563 88.17
1711735600 88.44
1711736561 88.47
1711754368 88.94
1711754395 88.94
1711763279 88.96
1711763324 88.94
1711763489 89.23
1711767333 89.03
1711768034 89.30
1711775177 89.41
1711832400 90.32
1711847742 91.18
1711848097 90.92
1711851785 90.98
1711852213 90.98
1711860771 91.19
1711861266 91.12
1711861346 91.12
1711919998 91.95
1711925406 91.95
1711935731 92.01
1711939477 92.01
1712006611 99.95
1712007398 99.95
1712018338 99.95
1712018698 99.95
1712019092 100.00
1712022700 100.00
1712032482 100.00
1712062413 99.93
1712062476 99.93
1712072256 99.93
1712081752 99.93
1712082501 99.93
1712091079 100.00
1712096333 100.00
1712096423 100.00
 100.00
 100.00
 100.00
 100.00
 100.00
 100.00
 100.00
 100.00
 100.00
 100.00
 100.00
 100.00
 100.00
 99.21
 97.91
 97.91
 96.59
 95.39
 95.73
 95.68
 95.68
 95.59
 92.76
 92.76
 92.76
 92.62
 92.70
 84.93
 84.93
 84.93
 84.93
 84.93
 84.93
 84.93
 84.93
 84.93
 84.93
 84.93
 84.93
 84.93
 84.93
 84.93
 84.93
 84.93
 84.93
 84.93
 84.93
 84.93
 84.93
 84.93
 84.93
 84.93
 84.93
 84.93
 84.93
 84.93
 84.93
 84.93
 84.93
 84.93
 84.93
 84.93
 84.93
 84.93
 84.93
 84.93
 84.93
 84.93
 84.93
 84.93
 84.93
 84.93
 84.93
 84.93
 84.93
 84.93
 84.93
 84.93
 84.93
 84.93
 84.93
 84.93
 84.93
 84.93
 84.93
 84.93
 84.93
 84.93
 84.93
 84.93
 84.93
 84.93
 84.93
 84.56
 84.56
 84.56
 84.56
 84.56
 84.56
 84.56
 84.56
 84.56
 84.56
 84.56
 84.56
 84.56
 84.56
 84.56
 84.56
